0.125333
0.125324
0.125296
0.125249
0.125183
0.125098
0.183842
0.271314
0.372477
0.485379
0.607842
0.737501
0.871853
1.0083
1.1442
1.27692
1.40388
1.52262
1.63081
1.72633
1.80731
1.87213
1.91949
1.94842
1.9583
1.94977
1.92235
1.87622
1.81219
1.73138
1.63524
1.52549
1.40414
1.27374
1.13693
0.995562
0.852206
0.710941
0.57355
0.442426
0.320892
0.212084
0.121259
0.108351
0.107571
0.131689
0.161737
0.176005
0.174012
0.15645
0.127033
0.10706
0.127051
0.173278
0.265403
0.372351
0.490434
0.61435
0.74334
0.872801
1.00105
1.12409
1.23982
1.3481
1.44425
1.52626
1.59307
1.64345
1.67539
1.68809
1.68233
1.6591
1.61641
1.55487
1.47713
1.38308
1.27478
1.15699
1.02835
0.892748
0.755201
0.615954
0.482901
0.361257
0.260573
0.254619
0.282759
0.345905
0.424145
0.49407
0.552288
0.595689
0.62273
0.633167
0.62653
0.603954
0.566243
0.516765
0.45727
0.393083
0.339379
0.373005
0.400908
0.461979
0.516561
0.584033
0.692773
0.797885
0.89903
0.990119
1.07126
1.13848
1.19024
1.22648
1.24513
1.24399
1.22763
1.19192
1.13852
1.07108
0.988112
0.894182
0.790338
0.683616
0.57651
0.477774
0.537322
0.593756
0.637939
0.669633
0.695567
0.777291
0.882422
0.976213
1.06078
1.12873
1.18382
1.22128
1.23995
1.24301
1.22769
1.19569
1.14835
1.08601
1.01457
0.929977
0.8425
0.750008
0.65886
0.685183
