0
0
0
0
0
0
0
0
0
0
0
0
0
0
0
0
0
0
0
0
0
0
0
0
0
0
0
0
0
0
0
0
0
0
0
0
0
0
0
0
0
0
0
0
0
0
0
0
0
0
0
0.000986044
0.0019682
0.00294258
0.00390535
0.00485271
0.00578092
0.00668632
0.00756532
0.00841447
0.00923041
0.0100099
0.0107499
0.0114475
0.0120999
0.0127046
0.0132591
0.0137613
0.0142091
0.0146009
0.0149351
0.0152104
0.0154256
0.0155799
0.0156727
0.0157037
0.0156727
0.0155799
0.0154256
0.0152104
0.0149351
0.0146009
0.0142091
0.0137613
0.0132591
0.0127046
0.0120999
0.0114475
0.0107499
0.0100099
0.00923041
0.00841447
0.00756532
0.00668632
0.00578092
0.00485271
0.00390535
0.00294256
0.00195575
0
0
0.00195654
0.00390535
0.00583876
0.00774912
0.0096289
0.0114707
0.0132672
0.0150113
0.0166962
0.0183153
0.019862
0.0213303
0.0227145
0.024009
0.0252088
0.0263091
0.0273055
0.0281942
0.0289716
0.0296347
0.0301808
0.0306078
0.0309141
0.0310983
0.0311598
0.0310983
0.0309141
0.0306078
0.0301808
0.0296347
0.0289716
0.0281942
0.0273055
0.0263091
0.0252088
0.024009
0.0227145
0.0213303
0.019862
0.0183153
0.0166962
0.0150113
0.0132672
0.0114707
0.0096289
0.00774912
0.00583872
0.00388065
0
0
0.00289618
0.00578092
0.00864285
0.0114707
0.0142532
0.0169795
0.0196388
0.0222206
0.0247147
0.0271112
0.0294008
0.0315743
0.0336233
0.0355395
0.0373154
0.0389441
0.0404191
0.0417346
0.0428854
0.0438669
0.0446753
0.0453074
0.0457607
0.0460334
0.0461244
0.0460334
0.0457607
0.0453074
0.0446753
0.0438669
0.0428854
0.0417346
0.0404191
0.0389441
0.0373154
0.0355395
0.0336233
0.0315743
0.0294008
0.0271112
0.0247147
0.0222206
0.0196388
0.0169795
0.0142532
0.0114707
0.0086428
0.00574435
0
0
0.00379014
0.00756532
0.0113106
0.0150113
0.0186528
0.0222206
0.0257007
0.0290794
0.0323434
0.0354797
0.038476
0.0413204
0.0440017
0.0465095
0.0488336
0.050965
0.0528953
0.0546169
0.0561228
0.0574073
0.0584653
0.0592925
0.0598857
0.0602425
0.0603617
0.0602425
0.0598857
0.0592925
0.0584653
0.0574073
0.0561228
0.0546169
0.0528953
0.050965
0.0488336
0.0465095
0.0440017
0.0413204
0.038476
0.0354797
0.0323434
0.0290794
0.0257007
0.0222206
0.0186528
0.0150113
0.0113106
0.00751746
0
0
0.00462433
0.00923041
0.0138001
0.0183153
0.0227582
0.0271112
0.0313573
0.0354797
0.039462
0.0432886
0.0469443
0.0504148
0.0536863
0.0567459
0.0595816
0.0621822
0.0645373
0.0666378
0.0684752
0.0700424
0.0713332
0.0723425
0.0730662
0.0735016
0.0736469
0.0735016
0.0730662
0.0723425
0.0713332
0.0700424
0.0684752
0.0666378
0.0645373
0.0621822
0.0595816
0.0567459
0.0536863
0.0504148
0.0469443
0.0432886
0.039462
0.0354797
0.0313573
0.0271112
0.0227582
0.0183153
0.0138
0.00917201
0
0
0.00538559
0.0107499
0.0160718
0.0213303
0.0265046
0.0315743
0.0365194
0.0413204
0.0459583
0.0504148
0.0546724
0.0587141
0.0625242
0.0660875
0.06939
0.0724187
0.0751615
0.0776077
0.0797477
0.0815729
0.0830761
0.0842516
0.0850945
0.0856015
0.0857708
0.0856015
0.0850945
0.0842516
0.0830761
0.0815729
0.0797477
0.0776077
0.0751615
0.0724187
0.06939
0.0660875
0.0625242
0.0587141
0.0546724
0.0504148
0.0459583
0.0413204
0.0365194
0.0315743
0.0265046
0.0213303
0.0160717
0.0106819
0
0
0.00606192
0.0120999
0.0180902
0.024009
0.0298331
0.0355395
0.0411056
0.0465095
0.0517298
0.0567459
0.0615382
0.0660875
0.0703761
0.0743869
0.0781041
0.0815131
0.0846004
0.0873538
0.0897625
0.0918169
0.0935089
0.094832
0.0957807
0.0963515
0.096542
0.0963515
0.0957807
0.094832
0.0935089
0.0918169
0.0897625
0.0873538
0.0846004
0.0815131
0.0781041
0.0743869
0.0703761
0.0660875
0.0615382
0.0567459
0.0517298
0.0465095
0.0411056
0.0355395
0.0298331
0.024009
0.01809
0.0120234
0
0
0.00664265
0.0132591
0.0198232
0.0263091
0.0326911
0.0389441
0.0450435
0.050965
0.0566855
0.0621822
0.0674335
0.0724187
0.0771181
0.0815131
0.0855864
0.089322
0.092705
0.0957222
0.0983616
0.100613
0.102467
0.103917
0.104956
0.105582
0.105791
0.105582
0.104956
0.103917
0.102467
0.100613
0.0983616
0.0957222
0.092705
0.089322
0.0855864
0.0815131
0.0771181
0.0724187
0.0674335
0.0621822
0.0566855
0.050965
0.0450435
0.0389441
0.0326911
0.0263091
0.0198231
0.0131752
0
0
0.00711862
0.0142091
0.0212436
0.0281942
0.0350335
0.0417346
0.048271
0.0546169
0.0607472
0.0666378
0.0722653
0.0776077
0.0826438
0.0873538
0.091719
0.0957222
0.0993477
0.102581
0.10541
0.107822
0.109809
0.111363
0.112477
0.113147
0.113371
0.113147
0.112477
0.111363
0.109809
0.107822
0.10541
0.102581
0.0993477
0.0957222
0.091719
0.0873538
0.0826438
0.0776077
0.0722653
0.0666378
0.0607472
0.0546169
0.048271
0.0417346
0.0350335
0.0281942
0.0212434
0.0141192
0
0
0.00748232
0.0149351
0.022329
0.0296347
0.0368235
0.0438669
0.0507373
0.0574073
0.0638509
0.0700424
0.0759575
0.0815729
0.0868663
0.0918169
0.0964051
0.100613
0.104424
0.107822
0.110795
0.113331
0.11542
0.117053
0.118224
0.118928
0.119163
0.118928
0.118224
0.117053
0.11542
0.113331
0.110795
0.107822
0.104424
0.100613
0.0964051
0.0918169
0.0868663
0.0815729
0.0759575
0.0700424
0.0638509
0.0574073
0.0507373
0.0438669
0.0368235
0.0296347
0.0223288
0.0148406
0
0
0.00772803
0.0154256
0.0230622
0.0306078
0.0380327
0.0453074
0.0524034
0.0592925
0.0659476
0.0723425
0.0784518
0.0842516
0.0897188
0.094832
0.0995709
0.103917
0.107853
0.111363
0.114433
0.117053
0.11921
0.120896
0.122106
0.122833
0.123076
0.122833
0.122106
0.120896
0.11921
0.117053
0.114433
0.111363
0.107853
0.103917
0.0995709
0.094832
0.0897188
0.0842516
0.0784518
0.0723425
0.0659476
0.0592925
0.0524034
0.0453074
0.0380327
0.0306078
0.0230621
0.015328
0
0
0.00785186
0.0156727
0.0234317
0.0310983
0.0386421
0.0460334
0.053243
0.0602425
0.0670043
0.0735016
0.0797089
0.0856015
0.0911564
0.0963515
0.101166
0.105582
0.109581
0.113147
0.116267
0.118928
0.12112
0.122833
0.124062
0.124802
0.125048
0.124802
0.124062
0.122833
0.12112
0.118928
0.116267
0.113147
0.109581
0.105582
0.101166
0.0963515
0.0911564
0.0856015
0.0797089
0.0735016
0.0670043
0.0602425
0.053243
0.0460334
0.0386421
0.0310983
0.0234316
0.0155736
0
0
0.00785186
0.0156727
0.0234317
0.0310983
0.0386421
0.0460334
0.053243
0.0602425
0.0670043
0.0735016
0.0797089
0.0856015
0.0911564
0.0963515
0.101166
0.105582
0.109581
0.113147
0.116267
0.118928
0.12112
0.122833
0.124062
0.124802
0.125048
0.124802
0.124062
0.122833
0.12112
0.118928
0.116267
0.113147
0.109581
0.105582
0.101166
0.0963515
0.0911564
0.0856015
0.0797089
0.0735016
0.0670043
0.0602425
0.053243
0.0460334
0.0386421
0.0310983
0.0234316
0.0155736
0
0
0.00772803
0.0154256
0.0230622
0.0306078
0.0380327
0.0453074
0.0524034
0.0592925
0.0659476
0.0723425
0.0784518
0.0842516
0.0897188
0.094832
0.0995709
0.103917
0.107853
0.111363
0.114433
0.117053
0.11921
0.120896
0.122106
0.122833
0.123076
0.122833
0.122106
0.120896
0.11921
0.117053
0.114433
0.111363
0.107853
0.103917
0.0995709
0.094832
0.0897188
0.0842516
0.0784518
0.0723425
0.0659476
0.0592925
0.0524034
0.0453074
0.0380327
0.0306078
0.0230621
0.015328
0
0
0.00748232
0.0149351
0.022329
0.0296347
0.0368235
0.0438669
0.0507373
0.0574073
0.0638509
0.0700424
0.0759575
0.0815729
0.0868663
0.0918169
0.0964051
0.100613
0.104424
0.107822
0.110795
0.113331
0.11542
0.117053
0.118224
0.118928
0.119163
0.118928
0.118224
0.117053
0.11542
0.113331
0.110795
0.107822
0.104424
0.100613
0.0964051
0.0918169
0.0868663
0.0815729
0.0759575
0.0700424
0.0638509
0.0574073
0.0507373
0.0438669
0.0368235
0.0296347
0.0223288
0.0148406
0
0
0.00711862
0.0142091
0.0212436
0.0281942
0.0350335
0.0417346
0.048271
0.0546169
0.0607472
0.0666378
0.0722653
0.0776077
0.0826438
0.0873538
0.091719
0.0957222
0.0993477
0.102581
0.10541
0.107822
0.109809
0.111363
0.112477
0.113147
0.113371
0.113147
0.112477
0.111363
0.109809
0.107822
0.10541
0.102581
0.0993477
0.0957222
0.091719
0.0873538
0.0826438
0.0776077
0.0722653
0.0666378
0.0607472
0.0546169
0.048271
0.0417346
0.0350335
0.0281942
0.0212434
0.0141192
0
0
0.00664265
0.0132591
0.0198232
0.0263091
0.0326911
0.0389441
0.0450435
0.050965
0.0566855
0.0621822
0.0674335
0.0724187
0.0771181
0.0815131
0.0855864
0.089322
0.092705
0.0957222
0.0983616
0.100613
0.102467
0.103917
0.104956
0.105582
0.105791
0.105582
0.104956
0.103917
0.102467
0.100613
0.0983616
0.0957222
0.092705
0.089322
0.0855864
0.0815131
0.0771181
0.0724187
0.0674335
0.0621822
0.0566855
0.050965
0.0450435
0.0389441
0.0326911
0.0263091
0.0198231
0.0131752
0
0
0.00606192
0.0120999
0.0180902
0.024009
0.0298331
0.0355395
0.0411056
0.0465095
0.0517298
0.0567459
0.0615382
0.0660875
0.0703761
0.0743869
0.0781041
0.0815131
0.0846004
0.0873538
0.0897625
0.0918169
0.0935089
0.094832
0.0957807
0.0963515
0.096542
0.0963515
0.0957807
0.094832
0.0935089
0.0918169
0.0897625
0.0873538
0.0846004
0.0815131
0.0781041
0.0743869
0.0703761
0.0660875
0.0615382
0.0567459
0.0517298
0.0465095
0.0411056
0.0355395
0.0298331
0.024009
0.01809
0.0120234
0
0
0.00538559
0.0107499
0.0160718
0.0213303
0.0265046
0.0315743
0.0365194
0.0413204
0.0459583
0.0504148
0.0546724
0.0587141
0.0625242
0.0660875
0.06939
0.0724187
0.0751615
0.0776077
0.0797477
0.0815729
0.0830761
0.0842516
0.0850945
0.0856015
0.0857708
0.0856015
0.0850945
0.0842516
0.0830761
0.0815729
0.0797477
0.0776077
0.0751615
0.0724187
0.06939
0.0660875
0.0625242
0.0587141
0.0546724
0.0504148
0.0459583
0.0413204
0.0365194
0.0315743
0.0265046
0.0213303
0.0160717
0.0106819
0
0
0.00462433
0.00923041
0.0138001
0.0183153
0.0227582
0.0271112
0.0313573
0.0354797
0.039462
0.0432886
0.0469443
0.0504148
0.0536863
0.0567459
0.0595816
0.0621822
0.0645373
0.0666378
0.0684752
0.0700424
0.0713332
0.0723425
0.0730662
0.0735016
0.0736469
0.0735016
0.0730662
0.0723425
0.0713332
0.0700424
0.0684752
0.0666378
0.0645373
0.0621822
0.0595816
0.0567459
0.0536863
0.0504148
0.0469443
0.0432886
0.039462
0.0354797
0.0313573
0.0271112
0.0227582
0.0183153
0.0138
0.00917201
0
0
0.00379014
0.00756532
0.0113106
0.0150113
0.0186528
0.0222206
0.0257007
0.0290794
0.0323434
0.0354797
0.038476
0.0413204
0.0440017
0.0465095
0.0488336
0.050965
0.0528953
0.0546169
0.0561228
0.0574073
0.0584653
0.0592925
0.0598857
0.0602425
0.0603617
0.0602425
0.0598857
0.0592925
0.0584653
0.0574073
0.0561228
0.0546169
0.0528953
0.050965
0.0488336
0.0465095
0.0440017
0.0413204
0.038476
0.0354797
0.0323434
0.0290794
0.0257007
0.0222206
0.0186528
0.0150113
0.0113106
0.00751746
0
0
0.00289618
0.00578092
0.00864285
0.0114707
0.0142532
0.0169795
0.0196388
0.0222206
0.0247147
0.0271112
0.0294008
0.0315743
0.0336233
0.0355395
0.0373154
0.0389441
0.0404191
0.0417346
0.0428854
0.0438669
0.0446753
0.0453074
0.0457607
0.0460334
0.0461244
0.0460334
0.0457607
0.0453074
0.0446753
0.0438669
0.0428854
0.0417346
0.0404191
0.0389441
0.0373154
0.0355395
0.0336233
0.0315743
0.0294008
0.0271112
0.0247147
0.0222206
0.0196388
0.0169795
0.0142532
0.0114707
0.0086428
0.00574435
0
0
0.00195654
0.00390535
0.00583876
0.00774912
0.0096289
0.0114707
0.0132672
0.0150113
0.0166962
0.0183153
0.019862
0.0213303
0.0227145
0.024009
0.0252088
0.0263091
0.0273055
0.0281942
0.0289716
0.0296347
0.0301808
0.0306078
0.0309141
0.0310983
0.0311598
0.0310983
0.0309141
0.0306078
0.0301808
0.0296347
0.0289716
0.0281942
0.0273055
0.0263091
0.0252088
0.024009
0.0227145
0.0213303
0.019862
0.0183153
0.0166962
0.0150113
0.0132672
0.0114707
0.0096289
0.00774912
0.00583872
0.00388065
0
0
0.000986044
0.0019682
0.00294258
0.00390535
0.00485271
0.00578092
0.00668632
0.00756532
0.00841447
0.00923041
0.0100099
0.0107499
0.0114475
0.0120999
0.0127046
0.0132591
0.0137613
0.0142091
0.0146009
0.0149351
0.0152104
0.0154256
0.0155799
0.0156727
0.0157037
0.0156727
0.0155799
0.0154256
0.0152104
0.0149351
0.0146009
0.0142091
0.0137613
0.0132591
0.0127046
0.0120999
0.0114475
0.0107499
0.0100099
0.00923041
0.00841447
0.00756532
0.00668632
0.00578092
0.00485271
0.00390535
0.00294256
0.00195575
0
0
9.63498e-19
1.92319e-18
2.8753e-18
3.81606e-18
4.74175e-18
5.64874e-18
6.53342e-18
7.39233e-18
8.22206e-18
9.01935e-18
9.78104e-18
1.05041e-17
1.11858e-17
1.18232e-17
1.24141e-17
1.29559e-17
1.34466e-17
1.38842e-17
1.42671e-17
1.45936e-17
1.48626e-17
1.50728e-17
1.52236e-17
1.53143e-17
1.53446e-17
1.53143e-17
1.52236e-17
1.50729e-17
1.48626e-17
1.45936e-17
1.42671e-17
1.38842e-17
1.34466e-17
1.29559e-17
1.24141e-17
1.18232e-17
1.11858e-17
1.05041e-17
9.78103e-18
9.01935e-18
8.22207e-18
7.39233e-18
6.53342e-18
5.64874e-18
4.74175e-18
3.81606e-18
2.87528e-18
1.91103e-18
0
0
-0.000986044
-0.0019682
-0.00294258
-0.00390535
-0.00485271
-0.00578092
-0.00668632
-0.00756532
-0.00841447
-0.00923041
-0.0100099
-0.0107499
-0.0114475
-0.0120999
-0.0127046
-0.0132591
-0.0137613
-0.0142091
-0.0146009
-0.0149351
-0.0152104
-0.0154256
-0.0155799
-0.0156727
-0.0157037
-0.0156727
-0.0155799
-0.0154256
-0.0152104
-0.0149351
-0.0146009
-0.0142091
-0.0137613
-0.0132591
-0.0127046
-0.0120999
-0.0114475
-0.0107499
-0.0100099
-0.00923041
-0.00841447
-0.00756532
-0.00668632
-0.00578092
-0.00485271
-0.00390535
-0.00294256
-0.00195575
0
0
-0.00195654
-0.00390535
-0.00583876
-0.00774912
-0.0096289
-0.0114707
-0.0132672
-0.0150113
-0.0166962
-0.0183153
-0.019862
-0.0213303
-0.0227145
-0.024009
-0.0252088
-0.0263091
-0.0273055
-0.0281942
-0.0289716
-0.0296347
-0.0301808
-0.0306078
-0.0309141
-0.0310983
-0.0311598
-0.0310983
-0.0309141
-0.0306078
-0.0301808
-0.0296347
-0.0289716
-0.0281942
-0.0273055
-0.0263091
-0.0252088
-0.024009
-0.0227145
-0.0213303
-0.019862
-0.0183153
-0.0166962
-0.0150113
-0.0132672
-0.0114707
-0.0096289
-0.00774912
-0.00583872
-0.00388065
0
0
-0.00289618
-0.00578092
-0.00864285
-0.0114707
-0.0142532
-0.0169795
-0.0196388
-0.0222206
-0.0247147
-0.0271112
-0.0294008
-0.0315743
-0.0336233
-0.0355395
-0.0373154
-0.0389441
-0.0404191
-0.0417346
-0.0428854
-0.0438669
-0.0446753
-0.0453074
-0.0457607
-0.0460334
-0.0461244
-0.0460334
-0.0457607
-0.0453074
-0.0446753
-0.0438669
-0.0428854
-0.0417346
-0.0404191
-0.0389441
-0.0373154
-0.0355395
-0.0336233
-0.0315743
-0.0294008
-0.0271112
-0.0247147
-0.0222206
-0.0196388
-0.0169795
-0.0142532
-0.0114707
-0.0086428
-0.00574435
0
0
-0.00379014
-0.00756532
-0.0113106
-0.0150113
-0.0186528
-0.0222206
-0.0257007
-0.0290794
-0.0323434
-0.0354797
-0.038476
-0.0413204
-0.0440017
-0.0465095
-0.0488336
-0.050965
-0.0528953
-0.0546169
-0.0561228
-0.0574073
-0.0584653
-0.0592925
-0.0598857
-0.0602425
-0.0603617
-0.0602425
-0.0598857
-0.0592925
-0.0584653
-0.0574073
-0.0561228
-0.0546169
-0.0528953
-0.050965
-0.0488336
-0.0465095
-0.0440017
-0.0413204
-0.038476
-0.0354797
-0.0323434
-0.0290794
-0.0257007
-0.0222206
-0.0186528
-0.0150113
-0.0113106
-0.00751746
0
0
-0.00462433
-0.00923041
-0.0138001
-0.0183153
-0.0227582
-0.0271112
-0.0313573
-0.0354797
-0.039462
-0.0432886
-0.0469443
-0.0504148
-0.0536863
-0.0567459
-0.0595816
-0.0621822
-0.0645373
-0.0666378
-0.0684752
-0.0700424
-0.0713332
-0.0723425
-0.0730662
-0.0735016
-0.0736469
-0.0735016
-0.0730662
-0.0723425
-0.0713332
-0.0700424
-0.0684752
-0.0666378
-0.0645373
-0.0621822
-0.0595816
-0.0567459
-0.0536863
-0.0504148
-0.0469443
-0.0432886
-0.039462
-0.0354797
-0.0313573
-0.0271112
-0.0227582
-0.0183153
-0.0138
-0.00917201
0
0
-0.00538559
-0.0107499
-0.0160718
-0.0213303
-0.0265046
-0.0315743
-0.0365194
-0.0413204
-0.0459583
-0.0504148
-0.0546724
-0.0587141
-0.0625242
-0.0660875
-0.06939
-0.0724187
-0.0751615
-0.0776077
-0.0797477
-0.0815729
-0.0830761
-0.0842516
-0.0850945
-0.0856015
-0.0857708
-0.0856015
-0.0850945
-0.0842516
-0.0830761
-0.0815729
-0.0797477
-0.0776077
-0.0751615
-0.0724187
-0.06939
-0.0660875
-0.0625242
-0.0587141
-0.0546724
-0.0504148
-0.0459583
-0.0413204
-0.0365194
-0.0315743
-0.0265046
-0.0213303
-0.0160717
-0.0106819
0
0
-0.00606192
-0.0120999
-0.0180902
-0.024009
-0.0298331
-0.0355395
-0.0411056
-0.0465095
-0.0517298
-0.0567459
-0.0615382
-0.0660875
-0.0703761
-0.0743869
-0.0781041
-0.0815131
-0.0846004
-0.0873538
-0.0897625
-0.0918169
-0.0935089
-0.094832
-0.0957807
-0.0963515
-0.096542
-0.0963515
-0.0957807
-0.094832
-0.0935089
-0.0918169
-0.0897625
-0.0873538
-0.0846004
-0.0815131
-0.0781041
-0.0743869
-0.0703761
-0.0660875
-0.0615382
-0.0567459
-0.0517298
-0.0465095
-0.0411056
-0.0355395
-0.0298331
-0.024009
-0.01809
-0.0120234
0
0
-0.00664265
-0.0132591
-0.0198232
-0.0263091
-0.0326911
-0.0389441
-0.0450435
-0.050965
-0.0566855
-0.0621822
-0.0674335
-0.0724187
-0.0771181
-0.0815131
-0.0855864
-0.089322
-0.092705
-0.0957222
-0.0983616
-0.100613
-0.102467
-0.103917
-0.104956
-0.105582
-0.105791
-0.105582
-0.104956
-0.103917
-0.102467
-0.100613
-0.0983616
-0.0957222
-0.092705
-0.089322
-0.0855864
-0.0815131
-0.0771181
-0.0724187
-0.0674335
-0.0621822
-0.0566855
-0.050965
-0.0450435
-0.0389441
-0.0326911
-0.0263091
-0.0198231
-0.0131752
0
0
-0.00711862
-0.0142091
-0.0212436
-0.0281942
-0.0350335
-0.0417346
-0.048271
-0.0546169
-0.0607472
-0.0666378
-0.0722653
-0.0776077
-0.0826438
-0.0873538
-0.091719
-0.0957222
-0.0993477
-0.102581
-0.10541
-0.107822
-0.109809
-0.111363
-0.112477
-0.113147
-0.113371
-0.113147
-0.112477
-0.111363
-0.109809
-0.107822
-0.10541
-0.102581
-0.0993477
-0.0957222
-0.091719
-0.0873538
-0.0826438
-0.0776077
-0.0722653
-0.0666378
-0.0607472
-0.0546169
-0.048271
-0.0417346
-0.0350335
-0.0281942
-0.0212434
-0.0141192
0
0
-0.00748232
-0.0149351
-0.022329
-0.0296347
-0.0368235
-0.0438669
-0.0507373
-0.0574073
-0.0638509
-0.0700424
-0.0759575
-0.0815729
-0.0868663
-0.0918169
-0.0964051
-0.100613
-0.104424
-0.107822
-0.110795
-0.113331
-0.11542
-0.117053
-0.118224
-0.118928
-0.119163
-0.118928
-0.118224
-0.117053
-0.11542
-0.113331
-0.110795
-0.107822
-0.104424
-0.100613
-0.0964051
-0.0918169
-0.0868663
-0.0815729
-0.0759575
-0.0700424
-0.0638509
-0.0574073
-0.0507373
-0.0438669
-0.0368235
-0.0296347
-0.0223288
-0.0148406
0
0
-0.00772803
-0.0154256
-0.0230622
-0.0306078
-0.0380327
-0.0453074
-0.0524034
-0.0592925
-0.0659476
-0.0723425
-0.0784518
-0.0842516
-0.0897188
-0.094832
-0.0995709
-0.103917
-0.107853
-0.111363
-0.114433
-0.117053
-0.11921
-0.120896
-0.122106
-0.122833
-0.123076
-0.122833
-0.122106
-0.120896
-0.11921
-0.117053
-0.114433
-0.111363
-0.107853
-0.103917
-0.0995709
-0.094832
-0.0897188
-0.0842516
-0.0784518
-0.0723425
-0.0659476
-0.0592925
-0.0524034
-0.0453074
-0.0380327
-0.0306078
-0.0230621
-0.015328
0
0
-0.00785186
-0.0156727
-0.0234317
-0.0310983
-0.0386421
-0.0460334
-0.053243
-0.0602425
-0.0670043
-0.0735016
-0.0797089
-0.0856015
-0.0911564
-0.0963515
-0.101166
-0.105582
-0.109581
-0.113147
-0.116267
-0.118928
-0.12112
-0.122833
-0.124062
-0.124802
-0.125048
-0.124802
-0.124062
-0.122833
-0.12112
-0.118928
-0.116267
-0.113147
-0.109581
-0.105582
-0.101166
-0.0963515
-0.0911564
-0.0856015
-0.0797089
-0.0735016
-0.0670043
-0.0602425
-0.053243
-0.0460334
-0.0386421
-0.0310983
-0.0234316
-0.0155736
0
0
-0.00785186
-0.0156727
-0.0234317
-0.0310983
-0.0386421
-0.0460334
-0.053243
-0.0602425
-0.0670043
-0.0735016
-0.0797089
-0.0856015
-0.0911564
-0.0963515
-0.101166
-0.105582
-0.109581
-0.113147
-0.116267
-0.118928
-0.12112
-0.122833
-0.124062
-0.124802
-0.125048
-0.124802
-0.124062
-0.122833
-0.12112
-0.118928
-0.116267
-0.113147
-0.109581
-0.105582
-0.101166
-0.0963515
-0.0911564
-0.0856015
-0.0797089
-0.0735016
-0.0670043
-0.0602425
-0.053243
-0.0460334
-0.0386421
-0.0310983
-0.0234316
-0.0155736
0
0
-0.00772803
-0.0154256
-0.0230622
-0.0306078
-0.0380327
-0.0453074
-0.0524034
-0.0592925
-0.0659476
-0.0723425
-0.0784518
-0.0842516
-0.0897188
-0.094832
-0.0995709
-0.103917
-0.107853
-0.111363
-0.114433
-0.117053
-0.11921
-0.120896
-0.122106
-0.122833
-0.123076
-0.122833
-0.122106
-0.120896
-0.11921
-0.117053
-0.114433
-0.111363
-0.107853
-0.103917
-0.0995709
-0.094832
-0.0897188
-0.0842516
-0.0784518
-0.0723425
-0.0659476
-0.0592925
-0.0524034
-0.0453074
-0.0380327
-0.0306078
-0.0230621
-0.015328
0
0
-0.00748232
-0.0149351
-0.022329
-0.0296347
-0.0368235
-0.0438669
-0.0507373
-0.0574073
-0.0638509
-0.0700424
-0.0759575
-0.0815729
-0.0868663
-0.0918169
-0.0964051
-0.100613
-0.104424
-0.107822
-0.110795
-0.113331
-0.11542
-0.117053
-0.118224
-0.118928
-0.119163
-0.118928
-0.118224
-0.117053
-0.11542
-0.113331
-0.110795
-0.107822
-0.104424
-0.100613
-0.0964051
-0.0918169
-0.0868663
-0.0815729
-0.0759575
-0.0700424
-0.0638509
-0.0574073
-0.0507373
-0.0438669
-0.0368235
-0.0296347
-0.0223288
-0.0148406
0
0
-0.00711862
-0.0142091
-0.0212436
-0.0281942
-0.0350335
-0.0417346
-0.048271
-0.0546169
-0.0607472
-0.0666378
-0.0722653
-0.0776077
-0.0826438
-0.0873538
-0.091719
-0.0957222
-0.0993477
-0.102581
-0.10541
-0.107822
-0.109809
-0.111363
-0.112477
-0.113147
-0.113371
-0.113147
-0.112477
-0.111363
-0.109809
-0.107822
-0.10541
-0.102581
-0.0993477
-0.0957222
-0.091719
-0.0873538
-0.0826438
-0.0776077
-0.0722653
-0.0666378
-0.0607472
-0.0546169
-0.048271
-0.0417346
-0.0350335
-0.0281942
-0.0212434
-0.0141192
0
0
-0.00664265
-0.0132591
-0.0198232
-0.0263091
-0.0326911
-0.0389441
-0.0450435
-0.050965
-0.0566855
-0.0621822
-0.0674335
-0.0724187
-0.0771181
-0.0815131
-0.0855864
-0.089322
-0.092705
-0.0957222
-0.0983616
-0.100613
-0.102467
-0.103917
-0.104956
-0.105582
-0.105791
-0.105582
-0.104956
-0.103917
-0.102467
-0.100613
-0.0983616
-0.0957222
-0.092705
-0.089322
-0.0855864
-0.0815131
-0.0771181
-0.0724187
-0.0674335
-0.0621822
-0.0566855
-0.050965
-0.0450435
-0.0389441
-0.0326911
-0.0263091
-0.0198231
-0.0131752
0
0
-0.00606192
-0.0120999
-0.0180902
-0.024009
-0.0298331
-0.0355395
-0.0411056
-0.0465095
-0.0517298
-0.0567459
-0.0615382
-0.0660875
-0.0703761
-0.0743869
-0.0781041
-0.0815131
-0.0846004
-0.0873538
-0.0897625
-0.0918169
-0.0935089
-0.094832
-0.0957807
-0.0963515
-0.096542
-0.0963515
-0.0957807
-0.094832
-0.0935089
-0.0918169
-0.0897625
-0.0873538
-0.0846004
-0.0815131
-0.0781041
-0.0743869
-0.0703761
-0.0660875
-0.0615382
-0.0567459
-0.0517298
-0.0465095
-0.0411056
-0.0355395
-0.0298331
-0.024009
-0.01809
-0.0120234
0
0
-0.00538559
-0.0107499
-0.0160718
-0.0213303
-0.0265046
-0.0315743
-0.0365194
-0.0413204
-0.0459583
-0.0504148
-0.0546724
-0.0587141
-0.0625242
-0.0660875
-0.06939
-0.0724187
-0.0751615
-0.0776077
-0.0797477
-0.0815729
-0.0830761
-0.0842516
-0.0850945
-0.0856015
-0.0857708
-0.0856015
-0.0850945
-0.0842516
-0.0830761
-0.0815729
-0.0797477
-0.0776077
-0.0751615
-0.0724187
-0.06939
-0.0660875
-0.0625242
-0.0587141
-0.0546724
-0.0504148
-0.0459583
-0.0413204
-0.0365194
-0.0315743
-0.0265046
-0.0213303
-0.0160717
-0.0106819
0
0
-0.00462433
-0.00923041
-0.0138001
-0.0183153
-0.0227582
-0.0271112
-0.0313573
-0.0354797
-0.039462
-0.0432886
-0.0469443
-0.0504148
-0.0536863
-0.0567459
-0.0595816
-0.0621822
-0.0645373
-0.0666378
-0.0684752
-0.0700424
-0.0713332
-0.0723425
-0.0730662
-0.0735016
-0.0736469
-0.0735016
-0.0730662
-0.0723425
-0.0713332
-0.0700424
-0.0684752
-0.0666378
-0.0645373
-0.0621822
-0.0595816
-0.0567459
-0.0536863
-0.0504148
-0.0469443
-0.0432886
-0.039462
-0.0354797
-0.0313573
-0.0271112
-0.0227582
-0.0183153
-0.0138
-0.00917201
0
0
-0.00379014
-0.00756532
-0.0113106
-0.0150113
-0.0186528
-0.0222206
-0.0257007
-0.0290794
-0.0323434
-0.0354797
-0.038476
-0.0413204
-0.0440017
-0.0465095
-0.0488336
-0.050965
-0.0528953
-0.0546169
-0.0561228
-0.0574073
-0.0584653
-0.0592925
-0.0598857
-0.0602425
-0.0603617
-0.0602425
-0.0598857
-0.0592925
-0.0584653
-0.0574073
-0.0561228
-0.0546169
-0.0528953
-0.050965
-0.0488336
-0.0465095
-0.0440017
-0.0413204
-0.038476
-0.0354797
-0.0323434
-0.0290794
-0.0257007
-0.0222206
-0.0186528
-0.0150113
-0.0113106
-0.00751746
0
0
-0.00289616
-0.00578088
-0.00864279
-0.0114706
-0.0142531
-0.0169794
-0.0196387
-0.0222205
-0.0247145
-0.0271111
-0.0294006
-0.0315741
-0.033623
-0.0355392
-0.0373152
-0.0389439
-0.0404189
-0.0417343
-0.0428851
-0.0438666
-0.044675
-0.0453071
-0.0457604
-0.0460331
-0.0461241
-0.0460331
-0.0457604
-0.0453071
-0.044675
-0.0438666
-0.0428851
-0.0417343
-0.0404189
-0.0389439
-0.0373152
-0.0355392
-0.033623
-0.0315741
-0.0294006
-0.0271111
-0.0247145
-0.0222205
-0.0196387
-0.0169794
-0.0142531
-0.0114706
-0.00864274
-0.00574431
0
0
-0.00194409
-0.0038805
-0.0058016
-0.0076998
-0.00956762
-0.0113977
-0.0131827
-0.0149158
-0.01659
-0.0181987
-0.0197356
-0.0211946
-0.0225699
-0.0238562
-0.0250483
-0.0261416
-0.0271317
-0.0280148
-0.0287872
-0.0294461
-0.0299887
-0.030413
-0.0307173
-0.0309004
-0.0309615
-0.0309004
-0.0307173
-0.030413
-0.0299887
-0.0294461
-0.0287872
-0.0280148
-0.0271317
-0.0261416
-0.0250483
-0.0238562
-0.0225699
-0.0211946
-0.0197356
-0.0181987
-0.01659
-0.0149158
-0.0131827
-0.0113977
-0.00956762
-0.0076998
-0.00580156
-0.00385583
0
0
-1.92695e-18
-3.8463e-18
-5.75047e-18
-7.63194e-18
-9.48329e-18
-1.12972e-17
-1.30666e-17
-1.47843e-17
-1.64438e-17
-1.80383e-17
-1.95616e-17
-2.10078e-17
-2.2371e-17
-2.3646e-17
-2.48276e-17
-2.59112e-17
-2.68926e-17
-2.77679e-17
-2.85335e-17
-2.91866e-17
-2.97244e-17
-3.0145e-17
-3.04466e-17
-3.0628e-17
-3.06886e-17
-3.0628e-17
-3.04466e-17
-3.0145e-17
-2.97244e-17
-2.91866e-17
-2.85335e-17
-2.77679e-17
-2.68926e-17
-2.59112e-17
-2.48276e-17
-2.3646e-17
-2.2371e-17
-2.10078e-17
-1.95616e-17
-1.80383e-17
-1.64438e-17
-1.47843e-17
-1.30666e-17
-1.12972e-17
-9.48329e-18
-7.63194e-18
-5.75047e-18
-3.8463e-18
-1.92695e-18
