0
0
0
0
0
0
0
0
0
0
0
0
0
0
0
0
0
0
0
0
0
0
0
0
0
0
0
0
0
0
0
0
0
0
0
0
0
0
0
0
0
0
0
0
0
0
0
0
0
0
0
0.000980203
0.00195654
0.00292515
0.00388222
0.00482397
0.00574668
0.00664671
0.00752051
0.00836462
0.00917573
0.00995063
0.0106863
0.0113797
0.0120282
0.0126293
0.0131805
0.0136797
0.014125
0.0145145
0.0148466
0.0151202
0.0153342
0.0154876
0.0155799
0.0156107
0.0155799
0.0154876
0.0153342
0.0151202
0.0148466
0.0145145
0.014125
0.0136797
0.0131805
0.0126293
0.0120282
0.0113797
0.0106863
0.00995063
0.00917573
0.00836462
0.00752051
0.00664671
0.00574668
0.00482397
0.00388222
0.00292513
0.00194416
0
0
0.00195654
0.00390535
0.00583876
0.00774912
0.0096289
0.0114707
0.0132672
0.0150113
0.0166962
0.0183153
0.019862
0.0213303
0.0227145
0.024009
0.0252088
0.0263091
0.0273055
0.0281942
0.0289716
0.0296347
0.0301808
0.0306078
0.0309141
0.0310983
0.0311598
0.0310983
0.0309141
0.0306078
0.0301808
0.0296347
0.0289716
0.0281942
0.0273055
0.0263091
0.0252088
0.024009
0.0227145
0.0213303
0.019862
0.0183153
0.0166962
0.0150113
0.0132672
0.0114707
0.0096289
0.00774912
0.00583872
0.00388065
0
0
0.00292515
0.00583876
0.00872932
0.0115854
0.0143958
0.0171494
0.0198353
0.0224429
0.024962
0.0273825
0.029695
0.0318902
0.0339596
0.035895
0.0376888
0.0393338
0.0408235
0.0421522
0.0433144
0.0443058
0.0451223
0.0457607
0.0462185
0.0464939
0.0465859
0.0464939
0.0462185
0.0457607
0.0451223
0.0443058
0.0433144
0.0421522
0.0408235
0.0393338
0.0376888
0.035895
0.0339596
0.0318902
0.029695
0.0273825
0.024962
0.0224429
0.0198353
0.0171494
0.0143958
0.0115854
0.00872926
0.00580182
0
0
0.00388222
0.00774912
0.0115854
0.015376
0.0191059
0.0227605
0.0263251
0.0297859
0.0331292
0.0363417
0.0394107
0.0423243
0.0450708
0.0476394
0.05002
0.0522032
0.0541804
0.0559438
0.0574863
0.058802
0.0598857
0.060733
0.0613406
0.0617061
0.0618281
0.0617061
0.0613406
0.060733
0.0598857
0.058802
0.0574863
0.0559438
0.0541804
0.0522032
0.05002
0.0476394
0.0450708
0.0423243
0.0394107
0.0363417
0.0331292
0.0297859
0.0263251
0.0227605
0.0191059
0.015376
0.0115854
0.00770009
0
0
0.00482397
0.0096289
0.0143958
0.0191059
0.0237407
0.0282817
0.0327111
0.0370114
0.0411656
0.0451574
0.048971
0.0525913
0.056004
0.0591957
0.0621538
0.0648666
0.0673235
0.0695146
0.0714314
0.0730662
0.0744127
0.0754656
0.0762206
0.0766748
0.0768264
0.0766748
0.0762206
0.0754656
0.0744127
0.0730662
0.0714314
0.0695146
0.0673235
0.0648666
0.0621538
0.0591957
0.056004
0.0525913
0.048971
0.0451574
0.0411656
0.0370114
0.0327111
0.0282817
0.0237407
0.0191059
0.0143957
0.00956798
0
0
0.00574668
0.0114707
0.0171494
0.0227605
0.0282817
0.0336913
0.0389679
0.0440908
0.0490396
0.0537949
0.0583379
0.0626507
0.0667162
0.0705185
0.0740424
0.0772741
0.0802008
0.0828111
0.0850945
0.087042
0.0886461
0.0899003
0.0907997
0.0913408
0.0915214
0.0913408
0.0907997
0.0899003
0.0886461
0.087042
0.0850945
0.0828111
0.0802008
0.0772741
0.0740424
0.0705185
0.0667162
0.0626507
0.0583379
0.0537949
0.0490396
0.0440908
0.0389679
0.0336913
0.0282817
0.0227605
0.0171493
0.0113981
0
0
0.00664671
0.0132672
0.0198353
0.0263251
0.0327111
0.0389679
0.045071
0.0509962
0.0567201
0.0622202
0.0674747
0.0724629
0.0771652
0.0815629
0.0856387
0.0893766
0.0927617
0.0957807
0.0984217
0.100674
0.10253
0.10398
0.105021
0.105646
0.105855
0.105646
0.105021
0.10398
0.10253
0.100674
0.0984217
0.0957807
0.0927617
0.0893766
0.0856387
0.0815629
0.0771652
0.0724629
0.0674747
0.0622202
0.0567201
0.0509962
0.045071
0.0389679
0.0327111
0.0263251
0.0198352
0.0131832
0
0
0.00752051
0.0150113
0.0224429
0.0297859
0.0370114
0.0440908
0.0509962
0.0577003
0.0641767
0.0703998
0.0763451
0.0819891
0.0873096
0.0922854
0.0968971
0.101126
0.104956
0.108372
0.111361
0.113909
0.116009
0.11765
0.118827
0.119535
0.119771
0.119535
0.118827
0.11765
0.116009
0.113909
0.111361
0.108372
0.104956
0.101126
0.0968971
0.0922854
0.0873096
0.0819891
0.0763451
0.0703998
0.0641767
0.0577003
0.0509962
0.0440908
0.0370114
0.0297859
0.0224428
0.0149164
0
0
0.00836462
0.0166962
0.024962
0.0331292
0.0411656
0.0490396
0.0567201
0.0641767
0.07138
0.0783017
0.0849143
0.0911918
0.0971094
0.102644
0.107773
0.112477
0.116737
0.120536
0.12386
0.126695
0.12903
0.130855
0.132164
0.132952
0.133215
0.132952
0.132164
0.130855
0.12903
0.126695
0.12386
0.120536
0.116737
0.112477
0.107773
0.102644
0.0971094
0.0911918
0.0849143
0.0783017
0.07138
0.0641767
0.0567201
0.0490396
0.0411656
0.0331292
0.0249618
0.0165906
0
0
0.00917573
0.0183153
0.0273825
0.0363417
0.0451574
0.0537949
0.0622202
0.0703998
0.0783017
0.0858945
0.0931483
0.100035
0.106526
0.112597
0.118224
0.123384
0.128057
0.132225
0.135871
0.13898
0.141541
0.143544
0.14498
0.145844
0.146132
0.145844
0.14498
0.143544
0.141541
0.13898
0.135871
0.132225
0.128057
0.123384
0.118224
0.112597
0.106526
0.100035
0.0931483
0.0858945
0.0783017
0.0703998
0.0622202
0.0537949
0.0451574
0.0363417
0.0273823
0.0181994
0
0
0.00995063
0.019862
0.029695
0.0394107
0.048971
0.0583379
0.0674747
0.0763451
0.0849143
0.0931483
0.101015
0.108483
0.115522
0.122106
0.128208
0.133804
0.138871
0.143391
0.147345
0.150717
0.153495
0.155666
0.157224
0.158161
0.158473
0.158161
0.157224
0.155666
0.153495
0.150717
0.147345
0.143391
0.138871
0.133804
0.128208
0.122106
0.115522
0.108483
0.101015
0.0931483
0.0849143
0.0763451
0.0674747
0.0583379
0.048971
0.0394107
0.0296948
0.0197363
0
0
0.0106863
0.0213303
0.0318902
0.0423243
0.0525913
0.0626507
0.0724629
0.0819891
0.0911918
0.100035
0.108483
0.116502
0.124062
0.131133
0.137686
0.143695
0.149138
0.153992
0.158238
0.161859
0.164842
0.167174
0.168847
0.169853
0.170189
0.169853
0.168847
0.167174
0.164842
0.161859
0.158238
0.153992
0.149138
0.143695
0.137686
0.131133
0.124062
0.116502
0.108483
0.100035
0.0911918
0.0819891
0.0724629
0.0626507
0.0525913
0.0423243
0.03189
0.0211954
0
0
0.0113797
0.0227145
0.0339596
0.0450708
0.056004
0.0667162
0.0771652
0.0873096
0.0971094
0.106526
0.115522
0.124062
0.132113
0.139642
0.14662
0.15302
0.158816
0.163984
0.168506
0.172363
0.175539
0.178023
0.179804
0.180875
0.181233
0.180875
0.179804
0.178023
0.175539
0.172363
0.168506
0.163984
0.158816
0.15302
0.14662
0.139642
0.132113
0.124062
0.115522
0.106526
0.0971094
0.0873096
0.0771652
0.0667162
0.056004
0.0450708
0.0339594
0.0225708
0
0
0.0120282
0.024009
0.035895
0.0476394
0.0591957
0.0705185
0.0815629
0.0922854
0.102644
0.112597
0.122106
0.131133
0.139642
0.147601
0.154976
0.161741
0.167867
0.17333
0.178109
0.182186
0.185543
0.188168
0.190051
0.191183
0.191561
0.191183
0.190051
0.188168
0.185543
0.182186
0.178109
0.17333
0.167867
0.161741
0.154976
0.147601
0.139642
0.131133
0.122106
0.112597
0.102644
0.0922854
0.0815629
0.0705185
0.0591957
0.0476394
0.0358948
0.0238571
0
0
0.0126293
0.0252088
0.0376888
0.05002
0.0621538
0.0740424
0.0856387
0.0968971
0.107773
0.118224
0.128208
0.137686
0.14662
0.154976
0.162721
0.169823
0.176255
0.181992
0.18701
0.19129
0.194815
0.197571
0.199548
0.200737
0.201134
0.200737
0.199548
0.197571
0.194815
0.19129
0.18701
0.181992
0.176255
0.169823
0.162721
0.154976
0.14662
0.137686
0.128208
0.118224
0.107773
0.0968971
0.0856387
0.0740424
0.0621538
0.05002
0.0376885
0.0250493
0
0
0.0131805
0.0263091
0.0393338
0.0522032
0.0648666
0.0772741
0.0893766
0.101126
0.112477
0.123384
0.133804
0.143695
0.15302
0.161741
0.169823
0.177235
0.183948
0.189935
0.195172
0.199639
0.203318
0.206195
0.208258
0.209499
0.209913
0.209499
0.208258
0.206195
0.203318
0.199639
0.195172
0.189935
0.183948
0.177235
0.169823
0.161741
0.15302
0.143695
0.133804
0.123384
0.112477
0.101126
0.0893766
0.0772741
0.0648666
0.0522032
0.0393335
0.0261426
0
0
0.0136797
0.0273055
0.0408235
0.0541804
0.0673235
0.0802008
0.0927617
0.104956
0.116737
0.128057
0.138871
0.149138
0.158816
0.167867
0.176255
0.183948
0.190915
0.197129
0.202564
0.2072
0.211019
0.214004
0.216145
0.217433
0.217863
0.217433
0.216145
0.214004
0.211019
0.2072
0.202564
0.197129
0.190915
0.183948
0.176255
0.167867
0.158816
0.149138
0.138871
0.128057
0.116737
0.104956
0.0927617
0.0802008
0.0673235
0.0541804
0.0408232
0.0271328
0
0
0.014125
0.0281942
0.0421522
0.0559438
0.0695146
0.0828111
0.0957807
0.108372
0.120536
0.132225
0.143391
0.153992
0.163984
0.17333
0.181992
0.189935
0.197129
0.203544
0.209157
0.213944
0.217887
0.220969
0.22318
0.22451
0.224954
0.22451
0.22318
0.220969
0.217887
0.213944
0.209157
0.203544
0.197129
0.189935
0.181992
0.17333
0.163984
0.153992
0.143391
0.132225
0.120536
0.108372
0.0957807
0.0828111
0.0695146
0.0559438
0.0421519
0.0280158
0
0
0.0145145
0.0289716
0.0433144
0.0574863
0.0714314
0.0850945
0.0984217
0.111361
0.12386
0.135871
0.147345
0.158238
0.168506
0.178109
0.18701
0.195172
0.202564
0.209157
0.214924
0.219843
0.223894
0.227062
0.229334
0.230701
0.231157
0.230701
0.229334
0.227062
0.223894
0.219843
0.214924
0.209157
0.202564
0.195172
0.18701
0.178109
0.168506
0.158238
0.147345
0.135871
0.12386
0.111361
0.0984217
0.0850945
0.0714314
0.0574863
0.0433142
0.0287883
0
0
0.0148466
0.0296347
0.0443058
0.058802
0.0730662
0.087042
0.100674
0.113909
0.126695
0.13898
0.150717
0.161859
0.172363
0.182186
0.19129
0.199639
0.2072
0.213944
0.219843
0.224875
0.229019
0.232259
0.234583
0.235981
0.236447
0.235981
0.234583
0.232259
0.229019
0.224875
0.219843
0.213944
0.2072
0.199639
0.19129
0.182186
0.172363
0.161859
0.150717
0.13898
0.126695
0.113909
0.100674
0.087042
0.0730662
0.058802
0.0443055
0.0294472
0
0
0.0151202
0.0301808
0.0451223
0.0598857
0.0744127
0.0886461
0.10253
0.116009
0.12903
0.141541
0.153495
0.164842
0.175539
0.185543
0.194815
0.203318
0.211019
0.217887
0.223894
0.229019
0.233239
0.236539
0.238906
0.240329
0.240805
0.240329
0.238906
0.236539
0.233239
0.229019
0.223894
0.217887
0.211019
0.203318
0.194815
0.185543
0.175539
0.164842
0.153495
0.141541
0.12903
0.116009
0.10253
0.0886461
0.0744127
0.0598857
0.045122
0.0299899
0
0
0.0153342
0.0306078
0.0457607
0.060733
0.0754656
0.0899003
0.10398
0.11765
0.130855
0.143544
0.155666
0.167174
0.178023
0.188168
0.197571
0.206195
0.214004
0.220969
0.227062
0.232259
0.236539
0.239886
0.242286
0.24373
0.244212
0.24373
0.242286
0.239886
0.236539
0.232259
0.227062
0.220969
0.214004
0.206195
0.197571
0.188168
0.178023
0.167174
0.155666
0.143544
0.130855
0.11765
0.10398
0.0899003
0.0754656
0.060733
0.0457604
0.0304142
0
0
0.0154876
0.0309141
0.0462185
0.0613406
0.0762206
0.0907997
0.105021
0.118827
0.132164
0.14498
0.157224
0.168847
0.179804
0.190051
0.199548
0.208258
0.216145
0.22318
0.229334
0.234583
0.238906
0.242286
0.24471
0.246168
0.246655
0.246168
0.24471
0.242286
0.238906
0.234583
0.229334
0.22318
0.216145
0.208258
0.199548
0.190051
0.179804
0.168847
0.157224
0.14498
0.132164
0.118827
0.105021
0.0907997
0.0762206
0.0613406
0.0462182
0.0307185
0
0
0.0155799
0.0310983
0.0464939
0.0617061
0.0766748
0.0913408
0.105646
0.119535
0.132952
0.145844
0.158161
0.169853
0.180875
0.191183
0.200737
0.209499
0.217433
0.22451
0.230701
0.235981
0.240329
0.24373
0.246168
0.247635
0.248125
0.247635
0.246168
0.24373
0.240329
0.235981
0.230701
0.22451
0.217433
0.209499
0.200737
0.191183
0.180875
0.169853
0.158161
0.145844
0.132952
0.119535
0.105646
0.0913408
0.0766748
0.0617061
0.0464936
0.0309015
0
0
0.0156107
0.0311598
0.0465859
0.0618281
0.0768264
0.0915214
0.105855
0.119771
0.133215
0.146132
0.158473
0.170189
0.181233
0.191561
0.201134
0.209913
0.217863
0.224954
0.231157
0.236447
0.240805
0.244212
0.246655
0.248125
0.248615
0.248125
0.246655
0.244212
0.240805
0.236447
0.231157
0.224954
0.217863
0.209913
0.201134
0.191561
0.181233
0.170189
0.158473
0.146132
0.133215
0.119771
0.105855
0.0915214
0.0768264
0.0618281
0.0465856
0.0309626
0
0
0.0155799
0.0310983
0.0464939
0.0617061
0.0766748
0.0913408
0.105646
0.119535
0.132952
0.145844
0.158161
0.169853
0.180875
0.191183
0.200737
0.209499
0.217433
0.22451
0.230701
0.235981
0.240329
0.24373
0.246168
0.247635
0.248125
0.247635
0.246168
0.24373
0.240329
0.235981
0.230701
0.22451
0.217433
0.209499
0.200737
0.191183
0.180875
0.169853
0.158161
0.145844
0.132952
0.119535
0.105646
0.0913408
0.0766748
0.0617061
0.0464936
0.0309015
0
0
0.0154876
0.0309141
0.0462185
0.0613406
0.0762206
0.0907997
0.105021
0.118827
0.132164
0.14498
0.157224
0.168847
0.179804
0.190051
0.199548
0.208258
0.216145
0.22318
0.229334
0.234583
0.238906
0.242286
0.24471
0.246168
0.246655
0.246168
0.24471
0.242286
0.238906
0.234583
0.229334
0.22318
0.216145
0.208258
0.199548
0.190051
0.179804
0.168847
0.157224
0.14498
0.132164
0.118827
0.105021
0.0907997
0.0762206
0.0613406
0.0462182
0.0307185
0
0
0.0153342
0.0306078
0.0457607
0.060733
0.0754656
0.0899003
0.10398
0.11765
0.130855
0.143544
0.155666
0.167174
0.178023
0.188168
0.197571
0.206195
0.214004
0.220969
0.227062
0.232259
0.236539
0.239886
0.242286
0.24373
0.244212
0.24373
0.242286
0.239886
0.236539
0.232259
0.227062
0.220969
0.214004
0.206195
0.197571
0.188168
0.178023
0.167174
0.155666
0.143544
0.130855
0.11765
0.10398
0.0899003
0.0754656
0.060733
0.0457604
0.0304142
0
0
0.0151202
0.0301808
0.0451223
0.0598857
0.0744127
0.0886461
0.10253
0.116009
0.12903
0.141541
0.153495
0.164842
0.175539
0.185543
0.194815
0.203318
0.211019
0.217887
0.223894
0.229019
0.233239
0.236539
0.238906
0.240329
0.240805
0.240329
0.238906
0.236539
0.233239
0.229019
0.223894
0.217887
0.211019
0.203318
0.194815
0.185543
0.175539
0.164842
0.153495
0.141541
0.12903
0.116009
0.10253
0.0886461
0.0744127
0.0598857
0.045122
0.0299899
0
0
0.0148466
0.0296347
0.0443058
0.058802
0.0730662
0.087042
0.100674
0.113909
0.126695
0.13898
0.150717
0.161859
0.172363
0.182186
0.19129
0.199639
0.2072
0.213944
0.219843
0.224875
0.229019
0.232259
0.234583
0.235981
0.236447
0.235981
0.234583
0.232259
0.229019
0.224875
0.219843
0.213944
0.2072
0.199639
0.19129
0.182186
0.172363
0.161859
0.150717
0.13898
0.126695
0.113909
0.100674
0.087042
0.0730662
0.058802
0.0443055
0.0294472
0
0
0.0145145
0.0289716
0.0433144
0.0574863
0.0714314
0.0850945
0.0984217
0.111361
0.12386
0.135871
0.147345
0.158238
0.168506
0.178109
0.18701
0.195172
0.202564
0.209157
0.214924
0.219843
0.223894
0.227062
0.229334
0.230701
0.231157
0.230701
0.229334
0.227062
0.223894
0.219843
0.214924
0.209157
0.202564
0.195172
0.18701
0.178109
0.168506
0.158238
0.147345
0.135871
0.12386
0.111361
0.0984217
0.0850945
0.0714314
0.0574863
0.0433142
0.0287883
0
0
0.014125
0.0281942
0.0421522
0.0559438
0.0695146
0.0828111
0.0957807
0.108372
0.120536
0.132225
0.143391
0.153992
0.163984
0.17333
0.181992
0.189935
0.197129
0.203544
0.209157
0.213944
0.217887
0.220969
0.22318
0.22451
0.224954
0.22451
0.22318
0.220969
0.217887
0.213944
0.209157
0.203544
0.197129
0.189935
0.181992
0.17333
0.163984
0.153992
0.143391
0.132225
0.120536
0.108372
0.0957807
0.0828111
0.0695146
0.0559438
0.0421519
0.0280158
0
0
0.0136797
0.0273055
0.0408235
0.0541804
0.0673235
0.0802008
0.0927617
0.104956
0.116737
0.128057
0.138871
0.149138
0.158816
0.167867
0.176255
0.183948
0.190915
0.197129
0.202564
0.2072
0.211019
0.214004
0.216145
0.217433
0.217863
0.217433
0.216145
0.214004
0.211019
0.2072
0.202564
0.197129
0.190915
0.183948
0.176255
0.167867
0.158816
0.149138
0.138871
0.128057
0.116737
0.104956
0.0927617
0.0802008
0.0673235
0.0541804
0.0408232
0.0271328
0
0
0.0131805
0.0263091
0.0393338
0.0522032
0.0648666
0.0772741
0.0893766
0.101126
0.112477
0.123384
0.133804
0.143695
0.15302
0.161741
0.169823
0.177235
0.183948
0.189935
0.195172
0.199639
0.203318
0.206195
0.208258
0.209499
0.209913
0.209499
0.208258
0.206195
0.203318
0.199639
0.195172
0.189935
0.183948
0.177235
0.169823
0.161741
0.15302
0.143695
0.133804
0.123384
0.112477
0.101126
0.0893766
0.0772741
0.0648666
0.0522032
0.0393335
0.0261426
0
0
0.0126293
0.0252088
0.0376888
0.05002
0.0621538
0.0740424
0.0856387
0.0968971
0.107773
0.118224
0.128208
0.137686
0.14662
0.154976
0.162721
0.169823
0.176255
0.181992
0.18701
0.19129
0.194815
0.197571
0.199548
0.200737
0.201134
0.200737
0.199548
0.197571
0.194815
0.19129
0.18701
0.181992
0.176255
0.169823
0.162721
0.154976
0.14662
0.137686
0.128208
0.118224
0.107773
0.0968971
0.0856387
0.0740424
0.0621538
0.05002
0.0376885
0.0250493
0
0
0.0120282
0.024009
0.035895
0.0476394
0.0591957
0.0705185
0.0815629
0.0922854
0.102644
0.112597
0.122106
0.131133
0.139642
0.147601
0.154976
0.161741
0.167867
0.17333
0.178109
0.182186
0.185543
0.188168
0.190051
0.191183
0.191561
0.191183
0.190051
0.188168
0.185543
0.182186
0.178109
0.17333
0.167867
0.161741
0.154976
0.147601
0.139642
0.131133
0.122106
0.112597
0.102644
0.0922854
0.0815629
0.0705185
0.0591957
0.0476394
0.0358948
0.0238571
0
0
0.0113797
0.0227145
0.0339596
0.0450708
0.056004
0.0667162
0.0771652
0.0873096
0.0971094
0.106526
0.115522
0.124062
0.132113
0.139642
0.14662
0.15302
0.158816
0.163984
0.168506
0.172363
0.175539
0.178023
0.179804
0.180875
0.181233
0.180875
0.179804
0.178023
0.175539
0.172363
0.168506
0.163984
0.158816
0.15302
0.14662
0.139642
0.132113
0.124062
0.115522
0.106526
0.0971094
0.0873096
0.0771652
0.0667162
0.056004
0.0450708
0.0339594
0.0225708
0
0
0.0106863
0.0213303
0.0318902
0.0423243
0.0525913
0.0626507
0.0724629
0.0819891
0.0911918
0.100035
0.108483
0.116502
0.124062
0.131133
0.137686
0.143695
0.149138
0.153992
0.158238
0.161859
0.164842
0.167174
0.168847
0.169853
0.170189
0.169853
0.168847
0.167174
0.164842
0.161859
0.158238
0.153992
0.149138
0.143695
0.137686
0.131133
0.124062
0.116502
0.108483
0.100035
0.0911918
0.0819891
0.0724629
0.0626507
0.0525913
0.0423243
0.03189
0.0211954
0
0
0.00995063
0.019862
0.029695
0.0394107
0.048971
0.0583379
0.0674747
0.0763451
0.0849143
0.0931483
0.101015
0.108483
0.115522
0.122106
0.128208
0.133804
0.138871
0.143391
0.147345
0.150717
0.153495
0.155666
0.157224
0.158161
0.158473
0.158161
0.157224
0.155666
0.153495
0.150717
0.147345
0.143391
0.138871
0.133804
0.128208
0.122106
0.115522
0.108483
0.101015
0.0931483
0.0849143
0.0763451
0.0674747
0.0583379
0.048971
0.0394107
0.0296948
0.0197363
0
0
0.00917573
0.0183153
0.0273825
0.0363417
0.0451574
0.0537949
0.0622202
0.0703998
0.0783017
0.0858945
0.0931483
0.100035
0.106526
0.112597
0.118224
0.123384
0.128057
0.132225
0.135871
0.13898
0.141541
0.143544
0.14498
0.145844
0.146132
0.145844
0.14498
0.143544
0.141541
0.13898
0.135871
0.132225
0.128057
0.123384
0.118224
0.112597
0.106526
0.100035
0.0931483
0.0858945
0.0783017
0.0703998
0.0622202
0.0537949
0.0451574
0.0363417
0.0273823
0.0181994
0
0
0.00836462
0.0166962
0.024962
0.0331292
0.0411656
0.0490396
0.0567201
0.0641767
0.07138
0.0783017
0.0849143
0.0911918
0.0971094
0.102644
0.107773
0.112477
0.116737
0.120536
0.12386
0.126695
0.12903
0.130855
0.132164
0.132952
0.133215
0.132952
0.132164
0.130855
0.12903
0.126695
0.12386
0.120536
0.116737
0.112477
0.107773
0.102644
0.0971094
0.0911918
0.0849143
0.0783017
0.07138
0.0641767
0.0567201
0.0490396
0.0411656
0.0331292
0.0249618
0.0165906
0
0
0.00752051
0.0150113
0.0224429
0.0297859
0.0370114
0.0440908
0.0509962
0.0577003
0.0641767
0.0703998
0.0763451
0.0819891
0.0873096
0.0922854
0.0968971
0.101126
0.104956
0.108372
0.111361
0.113909
0.116009
0.11765
0.118827
0.119535
0.119771
0.119535
0.118827
0.11765
0.116009
0.113909
0.111361
0.108372
0.104956
0.101126
0.0968971
0.0922854
0.0873096
0.0819891
0.0763451
0.0703998
0.0641767
0.0577003
0.0509962
0.0440908
0.0370114
0.0297859
0.0224428
0.0149164
0
0
0.00664671
0.0132672
0.0198353
0.0263251
0.0327111
0.0389679
0.045071
0.0509962
0.0567201
0.0622202
0.0674747
0.0724629
0.0771652
0.0815629
0.0856387
0.0893766
0.0927617
0.0957807
0.0984217
0.100674
0.10253
0.10398
0.105021
0.105646
0.105855
0.105646
0.105021
0.10398
0.10253
0.100674
0.0984217
0.0957807
0.0927617
0.0893766
0.0856387
0.0815629
0.0771652
0.0724629
0.0674747
0.0622202
0.0567201
0.0509962
0.045071
0.0389679
0.0327111
0.0263251
0.0198352
0.0131832
0
0
0.00574668
0.0114707
0.0171494
0.0227605
0.0282817
0.0336913
0.0389679
0.0440908
0.0490396
0.0537949
0.0583379
0.0626507
0.0667162
0.0705185
0.0740424
0.0772741
0.0802008
0.0828111
0.0850945
0.087042
0.0886461
0.0899003
0.0907997
0.0913408
0.0915214
0.0913408
0.0907997
0.0899003
0.0886461
0.087042
0.0850945
0.0828111
0.0802008
0.0772741
0.0740424
0.0705185
0.0667162
0.0626507
0.0583379
0.0537949
0.0490396
0.0440908
0.0389679
0.0336913
0.0282817
0.0227605
0.0171493
0.0113981
0
0
0.00482397
0.0096289
0.0143958
0.0191059
0.0237407
0.0282817
0.0327111
0.0370114
0.0411656
0.0451574
0.048971
0.0525913
0.056004
0.0591957
0.0621538
0.0648666
0.0673235
0.0695146
0.0714314
0.0730662
0.0744127
0.0754656
0.0762206
0.0766748
0.0768264
0.0766748
0.0762206
0.0754656
0.0744127
0.0730662
0.0714314
0.0695146
0.0673235
0.0648666
0.0621538
0.0591957
0.056004
0.0525913
0.048971
0.0451574
0.0411656
0.0370114
0.0327111
0.0282817
0.0237407
0.0191059
0.0143957
0.00956798
0
0
0.00388222
0.00774912
0.0115854
0.015376
0.0191059
0.0227605
0.0263251
0.0297859
0.0331292
0.0363417
0.0394107
0.0423243
0.0450708
0.0476394
0.05002
0.0522032
0.0541804
0.0559438
0.0574863
0.058802
0.0598857
0.060733
0.0613406
0.0617061
0.0618281
0.0617061
0.0613406
0.060733
0.0598857
0.058802
0.0574863
0.0559438
0.0541804
0.0522032
0.05002
0.0476394
0.0450708
0.0423243
0.0394107
0.0363417
0.0331292
0.0297859
0.0263251
0.0227605
0.0191059
0.015376
0.0115854
0.00770009
0
0
0.00292513
0.00583872
0.00872926
0.0115854
0.0143957
0.0171493
0.0198352
0.0224428
0.0249618
0.0273823
0.0296948
0.03189
0.0339594
0.0358948
0.0376885
0.0393335
0.0408232
0.0421519
0.0433142
0.0443055
0.045122
0.0457604
0.0462182
0.0464936
0.0465856
0.0464936
0.0462182
0.0457604
0.045122
0.0443055
0.0433142
0.0421519
0.0408232
0.0393335
0.0376885
0.0358948
0.0339594
0.03189
0.0296948
0.0273823
0.0249618
0.0224428
0.0198352
0.0171493
0.0143957
0.0115854
0.0087292
0.00580178
0
0
0.00194416
0.00388065
0.00580182
0.00770009
0.00956798
0.0113981
0.0131832
0.0149164
0.0165906
0.0181994
0.0197363
0.0211954
0.0225708
0.0238571
0.0250493
0.0261426
0.0271328
0.0280158
0.0287883
0.0294472
0.0299899
0.0304142
0.0307185
0.0309015
0.0309626
0.0309015
0.0307185
0.0304142
0.0299899
0.0294472
0.0287883
0.0280158
0.0271328
0.0261426
0.0250493
0.0238571
0.0225708
0.0211954
0.0197363
0.0181994
0.0165906
0.0149164
0.0131832
0.0113981
0.00956798
0.00770009
0.00580178
0.00385598
0
0
0
0
0
0
0
0
0
0
0
0
0
0
0
0
0
0
0
0
0
0
0
0
0
0
0
0
0
0
0
0
0
0
0
0
0
0
0
0
0
0
0
0
0
0
0
0
0
0
0
